Reading logs...
Read 885 logs
../../datasets/darpa2000/simplified_parsed_v3/No_attack1_inside1_events_simplified_parsed_v3.csv
Reading AASGs...
Read 1 AASGs
../aasg/DARPA2000_example_aasg_v1.json
Probabilities initialized
{'p_t_max': 172800, 'p_learning_rate': 0.4}
[67341, 67346, 67430, 67538, 67563]
[0, 1, 3, 6, 9]
[256, 259, 327, 436, 443]
----
[67341, 67346, 67430, 67538, 67563]
[0, 1, 3, 6, 8]
[256, 259, 327, 436, 443]
----
[67341, 67346, 67430, 67562, 67563]
[0, 1, 3, 5, 9]
[256, 259, 327, 442, 443]
----
[67341, 67346, 67430, 67562, 67563]
[0, 1, 3, 5, 8]
[256, 259, 327, 442, 443]
----
[67343, 67439, 67440, 67558, 67563]
[0, 1, 3, 6, 8]
[258, 334, 335, 441, 443]
----
[67343, 67439, 67440, 67558, 67554]
[0, 1, 3, 6, 9]
[258, 334, 335, 441, 451]
----
[67343, 67439, 67440, 67553, 67554]
[0, 1, 3, 5, 9]
[258, 334, 335, 450, 451]
----
[67343, 67439, 67440, 67553, 67554]
[0, 1, 3, 5, 8]
[258, 334, 335, 450, 451]
----
Alerts
8
[[67563, 1005366534.0, 1], [67563, 1005366534.0, 2], [67563, 1005366534.0, 3], [67563, 1005366534.0, 4], [67563, 1005366534.0, 5], [67554, 1005366550.0, 6], [67554, 1005366550.0, 7], [67554, 1005366550.0, 8]]
Execution time (seconds):
5.84935188293
