*********
Alert
1458808168.0
Position 115739
[652748, 656415, 1145911, 1147989]
[0, 2, 4, 7]
[33375, 33551, 59232, 59365]
*********
Alert
1458808168.0
Position 115739
[672889, 674904, 1145911, 1147989]
[0, 2, 4, 7]
[34464, 34555, 59232, 59365]
*********
Alert
1458808168.0
Position 115739
[692661, 696576, 1145911, 1147989]
[0, 2, 4, 7]
[35530, 35712, 59232, 59365]
*********
Alert
1458808168.0
Position 115739
[712561, 714389, 1145911, 1147989]
[0, 2, 4, 7]
[36538, 36639, 59232, 59365]
*********
Alert
1458808168.0
Position 115739
[732222, 734045, 1145911, 1147989]
[0, 2, 4, 7]
[37577, 37686, 59232, 59365]
*********
Alert
1458808168.0
Position 115739
[751875, 753455, 1145911, 1147989]
[0, 2, 4, 7]
[38652, 38739, 59232, 59365]
*********
Alert
1458808168.0
Position 115739
[757417, 759356, 1145911, 1147989]
[0, 2, 4, 7]
[38948, 39038, 59232, 59365]
*********
Alert
1458808168.0
Position 115739
[773432, 775207, 1145911, 1147989]
[0, 2, 4, 7]
[39802, 39899, 59232, 59365]
*********
Alert
1458808168.0
Position 115739
[791702, 793694, 1145911, 1147989]
[0, 2, 4, 7]
[40754, 40855, 59232, 59365]
Number of alerts:
9
