Reading logs...
Read 885 logs
../../datasets/darpa2000/simplified_parsed_v3/No_attack1_inside1_events_simplified_parsed_v3.csv
Reading AASGs...
Read 1 AASGs
../aasg/mill2_test_darpa2000_aasg.json
Probabilities initialized
{'p_t_max': 172800, 'p_learning_rate': 0.4}
[67430, 67538, 67563]
[0, 6, 9]
[327, 436, 443]
----
[67430, 67538, 67563]
[0, 6, 8]
[327, 436, 443]
----
[67430, 67562, 67563]
[0, 5, 9]
[327, 442, 443]
----
[67430, 67562, 67563]
[0, 5, 8]
[327, 442, 443]
----
[67428, 67538, 67563]
[0, 6, 9]
[328, 436, 443]
----
[67428, 67538, 67563]
[0, 6, 8]
[328, 436, 443]
----
[67428, 67562, 67563]
[0, 5, 9]
[328, 442, 443]
----
[67428, 67562, 67563]
[0, 5, 8]
[328, 442, 443]
----
[67442, 67538, 67563]
[0, 6, 9]
[331, 436, 443]
----
[67442, 67538, 67563]
[0, 6, 8]
[331, 436, 443]
----
[67442, 67562, 67563]
[0, 5, 9]
[331, 442, 443]
----
[67442, 67562, 67563]
[0, 5, 8]
[331, 442, 443]
----
[67438, 67538, 67563]
[0, 6, 9]
[332, 436, 443]
----
[67438, 67538, 67563]
[0, 6, 8]
[332, 436, 443]
----
[67438, 67562, 67563]
[0, 5, 9]
[332, 442, 443]
----
[67438, 67562, 67563]
[0, 5, 8]
[332, 442, 443]
----
[67440, 67558, 67563]
[0, 6, 8]
[335, 441, 443]
----
[67436, 67558, 67563]
[0, 6, 8]
[337, 441, 443]
----
[67432, 67558, 67563]
[0, 6, 8]
[338, 441, 443]
----
[67434, 67558, 67563]
[0, 6, 8]
[341, 441, 443]
----
[67440, 67558, 67554]
[0, 6, 9]
[335, 441, 451]
----
[67440, 67553, 67554]
[0, 5, 9]
[335, 450, 451]
----
[67440, 67553, 67554]
[0, 5, 8]
[335, 450, 451]
----
[67436, 67558, 67554]
[0, 6, 9]
[337, 441, 451]
----
[67436, 67553, 67554]
[0, 5, 9]
[337, 450, 451]
----
[67436, 67553, 67554]
[0, 5, 8]
[337, 450, 451]
----
[67432, 67558, 67554]
[0, 6, 9]
[338, 441, 451]
----
[67432, 67553, 67554]
[0, 5, 9]
[338, 450, 451]
----
[67432, 67553, 67554]
[0, 5, 8]
[338, 450, 451]
----
[67434, 67558, 67554]
[0, 6, 9]
[341, 441, 451]
----
[67434, 67553, 67554]
[0, 5, 9]
[341, 450, 451]
----
[67434, 67553, 67554]
[0, 5, 8]
[341, 450, 451]
----
Alerts
32
[[67563, 1005366534.0, 1], [67563, 1005366534.0, 2], [67563, 1005366534.0, 3], [67563, 1005366534.0, 4], [67563, 1005366534.0, 5], [67563, 1005366534.0, 6], [67563, 1005366534.0, 7], [67563, 1005366534.0, 8], [67563, 1005366534.0, 9], [67563, 1005366534.0, 10], [67563, 1005366534.0, 11], [67563, 1005366534.0, 12], [67563, 1005366534.0, 13], [67563, 1005366534.0, 14], [67563, 1005366534.0, 15], [67563, 1005366534.0, 16], [67563, 1005366534.0, 17], [67563, 1005366534.0, 18], [67563, 1005366534.0, 19], [67563, 1005366534.0, 20], [67554, 1005366550.0, 21], [67554, 1005366550.0, 22], [67554, 1005366550.0, 23], [67554, 1005366550.0, 24], [67554, 1005366550.0, 25], [67554, 1005366550.0, 26], [67554, 1005366550.0, 27], [67554, 1005366550.0, 28], [67554, 1005366550.0, 29], [67554, 1005366550.0, 30], [67554, 1005366550.0, 31], [67554, 1005366550.0, 32]]
Execution time (seconds):
1.29255819321
