Reading logs...
Read 146748 logs
../../datasets/huma/aggr_log_airbus_simplify_v4.csv
Reading AASGs...
Read 1 AASGs
../aasg/iscx_aasg.json
Probabilities initialized
{'p_t_max': 172800, 'p_learning_rate': 0.4}
[652748, 656415, 1145911, 1147989]
[0, 2, 4, 7]
[33375, 33551, 59232, 59365]
----
[656415, 658454, 1145911, 1147989]
[0, 2, 4, 7]
[33551, 33662, 59232, 59365]
----
[658454, 660339, 1145911, 1147989]
[0, 2, 4, 7]
[33662, 33775, 59232, 59365]
----
[660339, 662157, 1145911, 1147989]
[0, 2, 4, 7]
[33775, 33862, 59232, 59365]
----
[662157, 663969, 1145911, 1147989]
[0, 2, 4, 7]
[33862, 33973, 59232, 59365]
----
[663969, 665868, 1145911, 1147989]
[0, 2, 4, 7]
[33973, 34071, 59232, 59365]
----
[665868, 672889, 1145911, 1147989]
[0, 2, 4, 7]
[34071, 34464, 59232, 59365]
----
[672889, 674904, 1145911, 1147989]
[0, 2, 4, 7]
[34464, 34555, 59232, 59365]
----
[674904, 677044, 1145911, 1147989]
[0, 2, 4, 7]
[34555, 34651, 59232, 59365]
----
[677044, 680086, 1145911, 1147989]
[0, 2, 4, 7]
[34651, 34815, 59232, 59365]
----
[680086, 681886, 1145911, 1147989]
[0, 2, 4, 7]
[34815, 34917, 59232, 59365]
----
[681886, 683668, 1145911, 1147989]
[0, 2, 4, 7]
[34917, 35020, 59232, 59365]
----
[683668, 685453, 1145911, 1147989]
[0, 2, 4, 7]
[35020, 35130, 59232, 59365]
----
[685453, 687339, 1145911, 1147989]
[0, 2, 4, 7]
[35130, 35230, 59232, 59365]
----
[687339, 688991, 1145911, 1147989]
[0, 2, 4, 7]
[35230, 35330, 59232, 59365]
----
[688991, 692661, 1145911, 1147989]
[0, 2, 4, 7]
[35330, 35530, 59232, 59365]
----
[692661, 696576, 1145911, 1147989]
[0, 2, 4, 7]
[35530, 35712, 59232, 59365]
----
[696576, 698352, 1145911, 1147989]
[0, 2, 4, 7]
[35712, 35789, 59232, 59365]
----
[698352, 700304, 1145911, 1147989]
[0, 2, 4, 7]
[35789, 35873, 59232, 59365]
----
[700304, 702092, 1145911, 1147989]
[0, 2, 4, 7]
[35873, 35983, 59232, 59365]
----
[702092, 703813, 1145911, 1147989]
[0, 2, 4, 7]
[35983, 36068, 59232, 59365]
----
[703813, 705434, 1145911, 1147989]
[0, 2, 4, 7]
[36068, 36163, 59232, 59365]
----
[705434, 707068, 1145911, 1147989]
[0, 2, 4, 7]
[36163, 36249, 59232, 59365]
----
[707068, 708851, 1145911, 1147989]
[0, 2, 4, 7]
[36249, 36348, 59232, 59365]
----
[708851, 712561, 1145911, 1147989]
[0, 2, 4, 7]
[36348, 36538, 59232, 59365]
----
[712561, 714389, 1145911, 1147989]
[0, 2, 4, 7]
[36538, 36639, 59232, 59365]
----
[714389, 716316, 1145911, 1147989]
[0, 2, 4, 7]
[36639, 36732, 59232, 59365]
----
[716316, 718193, 1145911, 1147989]
[0, 2, 4, 7]
[36732, 36826, 59232, 59365]
----
[718193, 720020, 1145911, 1147989]
[0, 2, 4, 7]
[36826, 36929, 59232, 59365]
----
[720020, 721858, 1145911, 1147989]
[0, 2, 4, 7]
[36929, 37027, 59232, 59365]
----
[721858, 723420, 1145911, 1147989]
[0, 2, 4, 7]
[37027, 37121, 59232, 59365]
----
[723420, 725247, 1145911, 1147989]
[0, 2, 4, 7]
[37121, 37211, 59232, 59365]
----
[725247, 727063, 1145911, 1147989]
[0, 2, 4, 7]
[37211, 37304, 59232, 59365]
----
[727063, 732222, 1145911, 1147989]
[0, 2, 4, 7]
[37304, 37577, 59232, 59365]
----
[728717, 732222, 1145911, 1147989]
[0, 2, 4, 7]
[37386, 37577, 59232, 59365]
----
[732222, 734045, 1145911, 1147989]
[0, 2, 4, 7]
[37577, 37686, 59232, 59365]
----
[734045, 735847, 1145911, 1147989]
[0, 2, 4, 7]
[37686, 37781, 59232, 59365]
----
[735847, 737551, 1145911, 1147989]
[0, 2, 4, 7]
[37781, 37887, 59232, 59365]
----
[737551, 739252, 1145911, 1147989]
[0, 2, 4, 7]
[37887, 37985, 59232, 59365]
----
[739252, 740847, 1145911, 1147989]
[0, 2, 4, 7]
[37985, 38084, 59232, 59365]
----
[740847, 742797, 1145911, 1147989]
[0, 2, 4, 7]
[38084, 38180, 59232, 59365]
----
[742797, 744470, 1145911, 1147989]
[0, 2, 4, 7]
[38180, 38258, 59232, 59365]
----
[744470, 746147, 1145911, 1147989]
[0, 2, 4, 7]
[38258, 38353, 59232, 59365]
----
[746147, 747893, 1145911, 1147989]
[0, 2, 4, 7]
[38353, 38439, 59232, 59365]
----
[747893, 751875, 1145911, 1147989]
[0, 2, 4, 7]
[38439, 38652, 59232, 59365]
----
[751875, 753455, 1145911, 1147989]
[0, 2, 4, 7]
[38652, 38739, 59232, 59365]
----
[753455, 757417, 1145911, 1147989]
[0, 2, 4, 7]
[38739, 38948, 59232, 59365]
----
[757417, 759356, 1145911, 1147989]
[0, 2, 4, 7]
[38948, 39038, 59232, 59365]
----
[759356, 761085, 1145911, 1147989]
[0, 2, 4, 7]
[39038, 39138, 59232, 59365]
----
[761085, 762852, 1145911, 1147989]
[0, 2, 4, 7]
[39138, 39230, 59232, 59365]
----
[762852, 764364, 1145911, 1147989]
[0, 2, 4, 7]
[39230, 39326, 59232, 59365]
----
[764364, 766092, 1145911, 1147989]
[0, 2, 4, 7]
[39326, 39419, 59232, 59365]
----
[766092, 768148, 1145911, 1147989]
[0, 2, 4, 7]
[39419, 39513, 59232, 59365]
----
[768148, 773432, 1145911, 1147989]
[0, 2, 4, 7]
[39513, 39802, 59232, 59365]
----
[773432, 775207, 1145911, 1147989]
[0, 2, 4, 7]
[39802, 39899, 59232, 59365]
----
[775207, 776879, 1145911, 1147989]
[0, 2, 4, 7]
[39899, 39982, 59232, 59365]
----
[776879, 778846, 1145911, 1147989]
[0, 2, 4, 7]
[39982, 40069, 59232, 59365]
----
[778846, 780608, 1145911, 1147989]
[0, 2, 4, 7]
[40069, 40170, 59232, 59365]
----
[780608, 782395, 1145911, 1147989]
[0, 2, 4, 7]
[40170, 40277, 59232, 59365]
----
[782395, 784191, 1145911, 1147989]
[0, 2, 4, 7]
[40277, 40374, 59232, 59365]
----
[784191, 786352, 1145911, 1147989]
[0, 2, 4, 7]
[40374, 40479, 59232, 59365]
----
[786352, 788176, 1145911, 1147989]
[0, 2, 4, 7]
[40479, 40559, 59232, 59365]
----
[788176, 791702, 1145911, 1147989]
[0, 2, 4, 7]
[40559, 40754, 59232, 59365]
----
[791702, 793694, 1145911, 1147989]
[0, 2, 4, 7]
[40754, 40855, 59232, 59365]
----
[793694, 795714, 1145911, 1147989]
[0, 2, 4, 7]
[40855, 40959, 59232, 59365]
----
[795714, 797581, 1145911, 1147989]
[0, 2, 4, 7]
[40959, 41034, 59232, 59365]
----
[797581, 799369, 1145911, 1147989]
[0, 2, 4, 7]
[41034, 41115, 59232, 59365]
----
[799369, 800809, 1145911, 1147989]
[0, 2, 4, 7]
[41115, 41199, 59232, 59365]
----
[800809, 802989, 1145911, 1147989]
[0, 2, 4, 7]
[41199, 41311, 59232, 59365]
----
[802989, 804421, 1145911, 1147989]
[0, 2, 4, 7]
[41311, 41402, 59232, 59365]
----
[804421, 806334, 1145911, 1147989]
[0, 2, 4, 7]
[41402, 41506, 59232, 59365]
----
[806334, 808266, 1145911, 1147989]
[0, 2, 4, 7]
[41506, 41604, 59232, 59365]
----
[808266, 811423, 1145911, 1147989]
[0, 2, 4, 7]
[41604, 41825, 59232, 59365]
----
Alerts
73
[[1147989, 1458635747.0, 1], [1147989, 1458635747.0, 2], [1147989, 1458635747.0, 3], [1147989, 1458635747.0, 4], [1147989, 1458635747.0, 5], [1147989, 1458635747.0, 6], [1147989, 1458635747.0, 7], [1147989, 1458635747.0, 8], [1147989, 1458635747.0, 9], [1147989, 1458635747.0, 10], [1147989, 1458635747.0, 11], [1147989, 1458635747.0, 12], [1147989, 1458635747.0, 13], [1147989, 1458635747.0, 14], [1147989, 1458635747.0, 15], [1147989, 1458635747.0, 16], [1147989, 1458635747.0, 17], [1147989, 1458635747.0, 18], [1147989, 1458635747.0, 19], [1147989, 1458635747.0, 20], [1147989, 1458635747.0, 21], [1147989, 1458635747.0, 22], [1147989, 1458635747.0, 23], [1147989, 1458635747.0, 24], [1147989, 1458635747.0, 25], [1147989, 1458635747.0, 26], [1147989, 1458635747.0, 27], [1147989, 1458635747.0, 28], [1147989, 1458635747.0, 29], [1147989, 1458635747.0, 30], [1147989, 1458635747.0, 31], [1147989, 1458635747.0, 32], [1147989, 1458635747.0, 33], [1147989, 1458635747.0, 34], [1147989, 1458635747.0, 35], [1147989, 1458635747.0, 36], [1147989, 1458635747.0, 37], [1147989, 1458635747.0, 38], [1147989, 1458635747.0, 39], [1147989, 1458635747.0, 40], [1147989, 1458635747.0, 41], [1147989, 1458635747.0, 42], [1147989, 1458635747.0, 43], [1147989, 1458635747.0, 44], [1147989, 1458635747.0, 45], [1147989, 1458635747.0, 46], [1147989, 1458635747.0, 47], [1147989, 1458635747.0, 48], [1147989, 1458635747.0, 49], [1147989, 1458635747.0, 50], [1147989, 1458635747.0, 51], [1147989, 1458635747.0, 52], [1147989, 1458635747.0, 53], [1147989, 1458635747.0, 54], [1147989, 1458635747.0, 55], [1147989, 1458635747.0, 56], [1147989, 1458635747.0, 57], [1147989, 1458635747.0, 58], [1147989, 1458635747.0, 59], [1147989, 1458635747.0, 60], [1147989, 1458635747.0, 61], [1147989, 1458635747.0, 62], [1147989, 1458635747.0, 63], [1147989, 1458635747.0, 64], [1147989, 1458635747.0, 65], [1147989, 1458635747.0, 66], [1147989, 1458635747.0, 67], [1147989, 1458635747.0, 68], [1147989, 1458635747.0, 69], [1147989, 1458635747.0, 70], [1147989, 1458635747.0, 71], [1147989, 1458635747.0, 72], [1147989, 1458635747.0, 73]]
Execution time (seconds):
231112.838574
