Reading logs...
Read 494 logs
../../datasets/darpa2000/simplified_parsed_v3/inside2_events_simplified_parsed_v3.csv
Reading AASGs...
Read 1 AASGs
../aasg/mill2_test_darpa2000_aasg.json
Probabilities initialized
{'p_t_max': 172800, 'p_learning_rate': 0.4}
[63967, 64077, 64072]
[0, 6, 8]
[165, 286, 287]
----
[63963, 64077, 64072]
[0, 6, 8]
[166, 286, 287]
----
[64066, 64077, 64072]
[0, 5, 8]
[276, 286, 287]
----
[64063, 64077, 64072]
[0, 5, 8]
[277, 286, 287]
----
[63967, 63997, 64167]
[0, 5, 8]
[165, 210, 377]
----
[63963, 63997, 64167]
[0, 5, 8]
[166, 210, 377]
----
Alerts
6
[[64072, 1005320207.0, 1], [64072, 1005320207.0, 2], [64072, 1005320207.0, 3], [64072, 1005320207.0, 4], [64167, 1005321487.0, 5], [64167, 1005321487.0, 6]]
Execution time (seconds):
0.960941076279
