Reading logs...
Read 9608 logs
../../datasets/iscx/aggr_iscx_ids_simplify_parsed_v3.csv
Reading AASGs...
Read 1 AASGs
../aasg/iscx_aasg.json
Probabilities initialized
{'p_t_max': 172800, 'p_learning_rate': 0.4}
[17675, 17676, 18700, 21929]
[0, 1, 3, 8]
[6987, 6988, 7253, 9061]
----
[17676, 17677, 18700, 21929]
[0, 1, 3, 8]
[6988, 6989, 7253, 9061]
----
[17677, 17678, 18700, 21929]
[0, 1, 3, 8]
[6989, 6990, 7253, 9061]
----
[17678, 17679, 18700, 21929]
[0, 1, 3, 8]
[6990, 6991, 7253, 9061]
----
[17679, 17680, 18700, 21929]
[0, 1, 3, 8]
[6991, 6992, 7253, 9061]
----
[17680, 17681, 18700, 21929]
[0, 1, 3, 8]
[6992, 6993, 7253, 9061]
----
[17681, 17682, 18700, 21929]
[0, 1, 3, 8]
[6993, 6994, 7253, 9061]
----
[17682, 17683, 18700, 21929]
[0, 1, 3, 8]
[6994, 6995, 7253, 9061]
----
[17683, 17684, 18700, 21929]
[0, 1, 3, 8]
[6995, 6996, 7253, 9061]
----
[17684, 17685, 18700, 21929]
[0, 1, 3, 8]
[6996, 6997, 7253, 9061]
----
[17685, 17686, 18700, 21929]
[0, 1, 3, 8]
[6997, 6998, 7253, 9061]
----
[17686, 17687, 18700, 21929]
[0, 1, 3, 8]
[6998, 6999, 7253, 9061]
----
[17687, 17688, 18700, 21929]
[0, 1, 3, 8]
[6999, 7000, 7253, 9061]
----
[17688, 17689, 18700, 21929]
[0, 1, 3, 8]
[7000, 7001, 7253, 9061]
----
[17689, 17690, 18700, 21929]
[0, 1, 3, 8]
[7001, 7002, 7253, 9061]
----
[17690, 17691, 18700, 21929]
[0, 1, 3, 8]
[7002, 7003, 7253, 9061]
----
[17691, 17692, 18700, 21929]
[0, 1, 3, 8]
[7003, 7004, 7253, 9061]
----
[17692, 17693, 18700, 21929]
[0, 1, 3, 8]
[7004, 7005, 7253, 9061]
----
[17693, 17694, 18700, 21929]
[0, 1, 3, 8]
[7005, 7006, 7253, 9061]
----
[17694, 17695, 18700, 21929]
[0, 1, 3, 8]
[7006, 7007, 7253, 9061]
----
[17695, 17696, 18700, 21929]
[0, 1, 3, 8]
[7007, 7008, 7253, 9061]
----
[17696, 17697, 18700, 21929]
[0, 1, 3, 8]
[7008, 7009, 7253, 9061]
----
[17697, 17698, 18700, 21929]
[0, 1, 3, 8]
[7009, 7010, 7253, 9061]
----
[17698, 17699, 18700, 21929]
[0, 1, 3, 8]
[7010, 7011, 7253, 9061]
----
[17699, 17700, 18700, 21929]
[0, 1, 3, 8]
[7011, 7012, 7253, 9061]
----
[17700, 17701, 18700, 21929]
[0, 1, 3, 8]
[7012, 7013, 7253, 9061]
----
[17701, 17702, 18700, 21929]
[0, 1, 3, 8]
[7013, 7014, 7253, 9061]
----
[17702, 17703, 18700, 21929]
[0, 1, 3, 8]
[7014, 7015, 7253, 9061]
----
[17703, 17704, 18700, 21929]
[0, 1, 3, 8]
[7015, 7016, 7253, 9061]
----
[17704, 17705, 18700, 21929]
[0, 1, 3, 8]
[7016, 7017, 7253, 9061]
----
[17705, 17706, 18700, 21929]
[0, 1, 3, 8]
[7017, 7018, 7253, 9061]
----
[17706, 17707, 18700, 21929]
[0, 1, 3, 8]
[7018, 7019, 7253, 9061]
----
[17707, 17708, 18700, 21929]
[0, 1, 3, 8]
[7019, 7020, 7253, 9061]
----
[17708, 17709, 18700, 21929]
[0, 1, 3, 8]
[7020, 7021, 7253, 9061]
----
[17709, 17710, 18700, 21929]
[0, 1, 3, 8]
[7021, 7022, 7253, 9061]
----
[17710, 17711, 18700, 21929]
[0, 1, 3, 8]
[7022, 7023, 7253, 9061]
----
[17711, 17712, 18700, 21929]
[0, 1, 3, 8]
[7023, 7024, 7253, 9061]
----
[17712, 17713, 18700, 21929]
[0, 1, 3, 8]
[7024, 7025, 7253, 9061]
----
[17713, 17714, 18700, 21929]
[0, 1, 3, 8]
[7025, 7026, 7253, 9061]
----
[17714, 17715, 18700, 21929]
[0, 1, 3, 8]
[7026, 7027, 7253, 9061]
----
[17715, 17716, 18700, 21929]
[0, 1, 3, 8]
[7027, 7028, 7253, 9061]
----
[17716, 17717, 18700, 21929]
[0, 1, 3, 8]
[7028, 7029, 7253, 9061]
----
[17717, 17718, 18700, 21929]
[0, 1, 3, 8]
[7029, 7030, 7253, 9061]
----
[17718, 17719, 18700, 21929]
[0, 1, 3, 8]
[7030, 7031, 7253, 9061]
----
[17719, 17720, 18700, 21929]
[0, 1, 3, 8]
[7031, 7032, 7253, 9061]
----
[17720, 17721, 18700, 21929]
[0, 1, 3, 8]
[7032, 7033, 7253, 9061]
----
[17721, 17722, 18700, 21929]
[0, 1, 3, 8]
[7033, 7034, 7253, 9061]
----
[17722, 17723, 18700, 21929]
[0, 1, 3, 8]
[7034, 7035, 7253, 9061]
----
[17723, 17724, 18700, 21929]
[0, 1, 3, 8]
[7035, 7036, 7253, 9061]
----
[17724, 17725, 18700, 21929]
[0, 1, 3, 8]
[7036, 7037, 7253, 9061]
----
[17725, 17726, 18700, 21929]
[0, 1, 3, 8]
[7037, 7038, 7253, 9061]
----
[17726, 17727, 18700, 21929]
[0, 1, 3, 8]
[7038, 7039, 7253, 9061]
----
[17727, 17728, 18700, 21929]
[0, 1, 3, 8]
[7039, 7040, 7253, 9061]
----
[17728, 17729, 18700, 21929]
[0, 1, 3, 8]
[7040, 7041, 7253, 9061]
----
[17729, 17730, 18700, 21929]
[0, 1, 3, 8]
[7041, 7042, 7253, 9061]
----
[17730, 17731, 18700, 21929]
[0, 1, 3, 8]
[7042, 7043, 7253, 9061]
----
[17731, 17732, 18700, 21929]
[0, 1, 3, 8]
[7043, 7044, 7253, 9061]
----
[17732, 17733, 18700, 21929]
[0, 1, 3, 8]
[7044, 7045, 7253, 9061]
----
[17733, 17734, 18700, 21929]
[0, 1, 3, 8]
[7045, 7046, 7253, 9061]
----
[17734, 17735, 18700, 21929]
[0, 1, 3, 8]
[7046, 7047, 7253, 9061]
----
[17735, 17736, 18700, 21929]
[0, 1, 3, 8]
[7047, 7048, 7253, 9061]
----
[17736, 17737, 18700, 21929]
[0, 1, 3, 8]
[7048, 7049, 7253, 9061]
----
[17737, 17738, 18700, 21929]
[0, 1, 3, 8]
[7049, 7050, 7253, 9061]
----
[17738, 17739, 18700, 21929]
[0, 1, 3, 8]
[7050, 7051, 7253, 9061]
----
[17739, 17740, 18700, 21929]
[0, 1, 3, 8]
[7051, 7052, 7253, 9061]
----
[17740, 17741, 18700, 21929]
[0, 1, 3, 8]
[7052, 7053, 7253, 9061]
----
[17741, 17742, 18700, 21929]
[0, 1, 3, 8]
[7053, 7054, 7253, 9061]
----
[17742, 17743, 18700, 21929]
[0, 1, 3, 8]
[7054, 7055, 7253, 9061]
----
[17743, 17744, 18700, 21929]
[0, 1, 3, 8]
[7055, 7056, 7253, 9061]
----
[17744, 17745, 18700, 21929]
[0, 1, 3, 8]
[7056, 7057, 7253, 9061]
----
[17745, 17746, 18700, 21929]
[0, 1, 3, 8]
[7057, 7058, 7253, 9061]
----
[17746, 17747, 18700, 21929]
[0, 1, 3, 8]
[7058, 7059, 7253, 9061]
----
[17747, 17748, 18700, 21929]
[0, 1, 3, 8]
[7059, 7060, 7253, 9061]
----
[17748, 17749, 18700, 21929]
[0, 1, 3, 8]
[7060, 7061, 7253, 9061]
----
[17749, 17750, 18700, 21929]
[0, 1, 3, 8]
[7061, 7062, 7253, 9061]
----
[17750, 17751, 18700, 21929]
[0, 1, 3, 8]
[7062, 7063, 7253, 9061]
----
[17751, 17752, 18700, 21929]
[0, 1, 3, 8]
[7063, 7064, 7253, 9061]
----
[17752, 17753, 18700, 21929]
[0, 1, 3, 8]
[7064, 7065, 7253, 9061]
----
[17753, 17754, 18700, 21929]
[0, 1, 3, 8]
[7065, 7066, 7253, 9061]
----
[17754, 17755, 18700, 21929]
[0, 1, 3, 8]
[7066, 7067, 7253, 9061]
----
[17755, 17756, 18700, 21929]
[0, 1, 3, 8]
[7067, 7068, 7253, 9061]
----
[17756, 17757, 18700, 21929]
[0, 1, 3, 8]
[7068, 7069, 7253, 9061]
----
[17757, 17758, 18700, 21929]
[0, 1, 3, 8]
[7069, 7070, 7253, 9061]
----
[17758, 17759, 18700, 21929]
[0, 1, 3, 8]
[7070, 7071, 7253, 9061]
----
[17759, 17760, 18700, 21929]
[0, 1, 3, 8]
[7071, 7072, 7253, 9061]
----
[17760, 17761, 18700, 21929]
[0, 1, 3, 8]
[7072, 7073, 7253, 9061]
----
[17761, 17762, 18700, 21929]
[0, 1, 3, 8]
[7073, 7074, 7253, 9061]
----
[17762, 17763, 18700, 21929]
[0, 1, 3, 8]
[7074, 7075, 7253, 9061]
----
[17763, 17787, 18700, 21929]
[0, 1, 3, 8]
[7075, 7076, 7253, 9061]
----
[17787, 17788, 18700, 21929]
[0, 1, 3, 8]
[7076, 7077, 7253, 9061]
----
[17788, 17789, 18700, 21929]
[0, 1, 3, 8]
[7077, 7078, 7253, 9061]
----
[17789, 17790, 18700, 21929]
[0, 1, 3, 8]
[7078, 7079, 7253, 9061]
----
[17790, 17791, 18700, 21929]
[0, 1, 3, 8]
[7079, 7080, 7253, 9061]
----
[17791, 17792, 18700, 21929]
[0, 1, 3, 8]
[7080, 7081, 7253, 9061]
----
[17792, 17793, 18700, 21929]
[0, 1, 3, 8]
[7081, 7082, 7253, 9061]
----
[17793, 17794, 18700, 21929]
[0, 1, 3, 8]
[7082, 7083, 7253, 9061]
----
[17794, 17795, 18700, 21929]
[0, 1, 3, 8]
[7083, 7084, 7253, 9061]
----
[17795, 17796, 18700, 21929]
[0, 1, 3, 8]
[7084, 7085, 7253, 9061]
----
[17796, 17797, 18700, 21929]
[0, 1, 3, 8]
[7085, 7086, 7253, 9061]
----
[17797, 17798, 18700, 21929]
[0, 1, 3, 8]
[7086, 7087, 7253, 9061]
----
[17798, 17799, 18700, 21929]
[0, 1, 3, 8]
[7087, 7088, 7253, 9061]
----
[17799, 17800, 18700, 21929]
[0, 1, 3, 8]
[7088, 7089, 7253, 9061]
----
[17800, 17930, 18700, 21929]
[0, 1, 3, 8]
[7089, 7208, 7253, 9061]
----
[17930, 17942, 18700, 21929]
[0, 1, 3, 8]
[7208, 7209, 7253, 9061]
----
[17942, 17943, 18700, 21929]
[0, 1, 3, 8]
[7209, 7210, 7253, 9061]
----
[17943, 17944, 18700, 21929]
[0, 1, 3, 8]
[7210, 7211, 7253, 9061]
----
[17944, 17945, 18700, 21929]
[0, 1, 3, 8]
[7211, 7212, 7253, 9061]
----
[17945, 17946, 18700, 21929]
[0, 1, 3, 8]
[7212, 7213, 7253, 9061]
----
Alerts
108
[[21929, 1497401498.0, 1], [21929, 1497401498.0, 2], [21929, 1497401498.0, 3], [21929, 1497401498.0, 4], [21929, 1497401498.0, 5], [21929, 1497401498.0, 6], [21929, 1497401498.0, 7], [21929, 1497401498.0, 8], [21929, 1497401498.0, 9], [21929, 1497401498.0, 10], [21929, 1497401498.0, 11], [21929, 1497401498.0, 12], [21929, 1497401498.0, 13], [21929, 1497401498.0, 14], [21929, 1497401498.0, 15], [21929, 1497401498.0, 16], [21929, 1497401498.0, 17], [21929, 1497401498.0, 18], [21929, 1497401498.0, 19], [21929, 1497401498.0, 20], [21929, 1497401498.0, 21], [21929, 1497401498.0, 22], [21929, 1497401498.0, 23], [21929, 1497401498.0, 24], [21929, 1497401498.0, 25], [21929, 1497401498.0, 26], [21929, 1497401498.0, 27], [21929, 1497401498.0, 28], [21929, 1497401498.0, 29], [21929, 1497401498.0, 30], [21929, 1497401498.0, 31], [21929, 1497401498.0, 32], [21929, 1497401498.0, 33], [21929, 1497401498.0, 34], [21929, 1497401498.0, 35], [21929, 1497401498.0, 36], [21929, 1497401498.0, 37], [21929, 1497401498.0, 38], [21929, 1497401498.0, 39], [21929, 1497401498.0, 40], [21929, 1497401498.0, 41], [21929, 1497401498.0, 42], [21929, 1497401498.0, 43], [21929, 1497401498.0, 44], [21929, 1497401498.0, 45], [21929, 1497401498.0, 46], [21929, 1497401498.0, 47], [21929, 1497401498.0, 48], [21929, 1497401498.0, 49], [21929, 1497401498.0, 50], [21929, 1497401498.0, 51], [21929, 1497401498.0, 52], [21929, 1497401498.0, 53], [21929, 1497401498.0, 54], [21929, 1497401498.0, 55], [21929, 1497401498.0, 56], [21929, 1497401498.0, 57], [21929, 1497401498.0, 58], [21929, 1497401498.0, 59], [21929, 1497401498.0, 60], [21929, 1497401498.0, 61], [21929, 1497401498.0, 62], [21929, 1497401498.0, 63], [21929, 1497401498.0, 64], [21929, 1497401498.0, 65], [21929, 1497401498.0, 66], [21929, 1497401498.0, 67], [21929, 1497401498.0, 68], [21929, 1497401498.0, 69], [21929, 1497401498.0, 70], [21929, 1497401498.0, 71], [21929, 1497401498.0, 72], [21929, 1497401498.0, 73], [21929, 1497401498.0, 74], [21929, 1497401498.0, 75], [21929, 1497401498.0, 76], [21929, 1497401498.0, 77], [21929, 1497401498.0, 78], [21929, 1497401498.0, 79], [21929, 1497401498.0, 80], [21929, 1497401498.0, 81], [21929, 1497401498.0, 82], [21929, 1497401498.0, 83], [21929, 1497401498.0, 84], [21929, 1497401498.0, 85], [21929, 1497401498.0, 86], [21929, 1497401498.0, 87], [21929, 1497401498.0, 88], [21929, 1497401498.0, 89], [21929, 1497401498.0, 90], [21929, 1497401498.0, 91], [21929, 1497401498.0, 92], [21929, 1497401498.0, 93], [21929, 1497401498.0, 94], [21929, 1497401498.0, 95], [21929, 1497401498.0, 96], [21929, 1497401498.0, 97], [21929, 1497401498.0, 98], [21929, 1497401498.0, 99], [21929, 1497401498.0, 100], [21929, 1497401498.0, 101], [21929, 1497401498.0, 102], [21929, 1497401498.0, 103], [21929, 1497401498.0, 104], [21929, 1497401498.0, 105], [21929, 1497401498.0, 106], [21929, 1497401498.0, 107], [21929, 1497401498.0, 108]]
Execution time (seconds):
2753.41267991
